52 665
282 120
646 510
562 836
30 592
532 535
870 275
906 953
333 972
655 43
905 838
847 326
308 459
183 689
242 860
496 437
53 716
824 253
275 675
260 712
173 465
600 309
622 912
888 499
849 355
614 396
392 485
267 63
28 142
510 337
644 500
726 906
466 810
259 478
194 657
801 103
897 422
450 374
172 884
329 182
977 200
45 448
380 757
541 867
52 445
93 403
38 493
962 949
322 79
140 959
405 531
593 461
910 339
602 453
457 443
581 897
295 403
175 78
235 824
71 447
149 128
554 312
94 223
633 67
963 414
72 882
500 799
940 166
19 230
927 69
845 16
586 783
196 212
32 142
667 435
208 271
125 498
337 939
34 107
742 179
994 860
88 446
302 859
439 810
725 260
714 271
425 891
545 414
561 309
676 214
180 15
266 603
275 153
378 566
712 790
246 228
446 1000
751 123
85 409
638 401
151 955
16 556
741 998
192 489
146 247
616 46
950 451
204 876
910 719
309 14
267 726
590 618
289 719
478 148
963 493
464 232
278 179
433 282
298 276
584 842
932 410
548 341
16 103
472 747
807 714
969 564
225 746
80 536
688 171
929 133
671 932
785 497
304 231
424 341
290 50
405 822
820 889
484 691
527 685
248 668
151 647
81 742
624 364
281 115
141 986
161 391
779 545
350 242
519 793
188 25
466 778
50 735
824 164
797 84
50 273
520 188
942 160
349 787
702 722
531 57
535 109
671 448
98 833
60 57
127 781
355 811
169 112
771 707
115 853
288 723
630 201
580 17
267 441
433 839
164 791
153 431
597 66
116 22
647 687
857 388
889 570
378 934
985 431
296 161
946 404
670 725
517 277
289 534
256 777
219 766
620 784
481 118
589 135
634 495
135 435
364 334
992 625
282 768
645 749
653 634
864 422
154 550
133 676
684 513
941 626
702 11
851 216
69 835
493 826
423 657
952 469
599 301
548 837
90 991
124 495
800 142
873 180
683 425
317 371
605 860
193 70
764 289
360 404
715 333
220 507
596 559
707 797
183 862
414 562
208 541
122 147
329 663
677 508
70 523
539 791
439 238
265 259
888 617
840 239
148 969
574 18
774 219
20 733
497 620
151 316
455 665
803 113
411 742
711 950
698 263
504 866
504 2
287 204
959 259
270 437
589 235
901 239
504 579
105 37
287 407
787 238
85 544
708 574
476 932
614 59
321 713
821 184
181 515
496 297
316 972
285 184
105 377
400 722
226 33
469 795
510 544
484 589
196 413
642 838
934 687
73 437
438 927
25 317
751 14
382 774
494 725
458 634
531 75
701 536
942 877
785 514
479 540
134 362
957 19
816 187
186 270
88 191
950 350
907 843
701 658
54 77
996 514
485 757
317 741
293 46
252 812
819 341
974 655
522 654
337 163
111 521
826 972
997 732
568 463
918 527
932 130
647 632
512 141
682 372
993 156
653 442
790 750
794 267
68 231
91 52
416 384
684 142
847 877
879 821
272 64
464 704
425 486
228 605
447 574
132 505
912 465
375 733
152 300
310 635
664 815
966 545
535 849
249 846
72 58
75 405
703 788
794 561
918 527
981 848
417 545
455 618
51 725
870 139
649 939
181 317
226 777
380 781
181 92
893 798
783 508
363 980
333 260
941 169
261 860
594 695
717 208
918 905
513 136
98 378
52 75
200 236
528 399
811 532
615 418
495 777
591 390
8 714
324 763
544 911
988 39
686 876
150 720
706 976
199 24
409 186
932 742
434 97
82 510
191 16
74 787
916 736
871 554
535 508
8 138
832 727
740 919
517 695
47 582
843 729
849 591
820 507
981 916
205 835
694 152
16 44
83 468
685 128
222 689
649 691
497 589
806 723
186 678
687 472
633 965
409 52
699 112
535 20
363 467
850 960
384 428
189 71
75 905
277 189
467 970
186 645
715 966
155 938
384 781
868 346
378 677
803 540
482 6
724 223
451 673
967 693
921 495
808 219
503 126
719 348
966 724
28 733
275 149
264 553
9 563
610 847
731 527
178 271
497 134
631 771
948 300
995 466
314 744
992 325
243 885
354 920
325 193
620 691
360 108
974 296
781 275
678 411
741 168
403 474
839 466
82 255
643 695
139 856
205 464
363 632
714 645
519 4
609 402
466 661
679 750
34 11
474 977
27 155
897 857
377 945
136 815
13 927
588 427
382 520
511 314
150 274
27 564
685 284
291 445
196 164
722 182
605 15
933 91
592 599
769 117
320 294
488 66
558 254
74 817
51 870
532 391
719 949
722 949
882 776
266 105
792 301
737 357
918 621
726 762
183 96
912 535
100 483
342 545
851 1
893 9
820 581
797 730
265 20
948 783
452 564
90 212
92 936
139 136
202 891
310 687
714 29
151 78
412 872
233 521
891 9
948 362
86 110
258 938
747 362
971 491
489 940
598 436
447 91
881 712
432 690
973 495
534 672
307 993
448 801
312 459
894 151
847 248
9 899
787 529
666 160
877 975
199 356
213 159
630 91
31 8
695 802
88 411
902 588
218 315
313 277
527 94
831 280
406 640
471 734
154 784
892 506
843 342
416 880
793 923
446 563
976 157
274 72
836 291
556 353
296 709
598 890
960 241
276 515
443 295
847 343
756 905
482 814
980 218
556 787
868 393
471 346
433 616
637 133
343 601
930 753
806 423
559 867
694 890
370 539
602 530
963 661
815 366
395 300
753 791
401 337
897 412
984 436
713 656
249 817
160 11
947 792
928 142
175 35
666 978
181 113
396 366
130 634
414 149
698 259
649 223
962 93
225 642
776 807
108 718
946 259
326 295
52 150
278 614
968 795
455 830
252 369
863 847
895 28
303 160
169 140
27 379
453 418
906 386
379 42
867 799
174 832
996 930
569 687
390 289
125 403
192 385
489 462
41 574
779 338
129 451
622 493
421 284
957 250
555 607
315 488
896 204
837 667
216 186
295 31
470 585
321 18
420 816
130 393
771 952
565 890
489 161
651 165
174 248
636 293
857 992
304 152
966 750
564 703
717 129
215 41
627 943
478 303
845 212
664 175
991 298
984 466
413 221
885 174
772 176
471 42
610 829
949 91
436 960
83 514
581 488
834 900
366 261
650 67
520 99
70 18
350 540
992 287
911 736
739 497
60 756
274 994
334 425
284 426
982 636
379 908
123 950
40 775
927 70
396 546
492 495
556 378
760 871
116 945
588 760
509 869
637 24
615 264
768 918
623 785
995 997
245 298
930 481
457 991
933 129
880 633
29 672
361 112
936 628
972 281
635 729
826 953
400 160
170 74
842 510
131 963
104 303
796 851
566 454
344 957
875 90
622 425
515 345
927 545
105 419
853 964
875 583
520 423
97 313
835 887
465 397
487 89
701 446
572 357
492 243
506 438
377 331
819 636
224 731
996 335
368 906
36 580
553 132
893 319
372 707
94 997
754 386
638 588
739 507
372 280
274 534
24 662
425 461
553 735
494 145
957 13
375 999
508 536
295 575
250 277
919 9
914 416
647 87
514 697
394 475
375 868
45 49
98 680
58 908
113 780
16 998
947 107
453 822
578 865
428 652
272 393
807 27
744 357
691 269
330 736
453 511
140 10
280 166
595 545
335 289
816 222
568 289
455 732
273 200
457 723
942 613
197 503
990 167
588 124
170 558
795 691
864 695
651 919
922 955
175 569
808 352
13 792
815 571
358 893
421 457
366 823
225 332
733 235
396 869
39 28
696 828
357 989
228 647
1000 527
146 318
339 510
733 825
351 47
39 883
538 690
196 769
727 887
487 628
542 125
951 401
114 771
209 223
629 299
140 683
988 387
969 233
317 43
393 79
108 884
687 10
537 806
821 657
530 777
641 288
29 203
942 654
243 525
334 79
926 637
459 392
935 912
824 330
591 495
120 387
66 60
464 146
831 744
578 849
657 244
673 574
6 99
986 496
839 664
328 597
28 281
189 129
808 820
759 755
820 762
981 186
434 595
103 881
359 716
838 13
566 852
178 541
288 772
383 628
50 460
503 321
505 832
486 707
434 48
935 15
413 93
627 991
234 384
547 962
495 162
217 230
253 547
73 1000
291 738
416 163
707 377
778 29
783 312
287 990
355 346
929 147
254 102
660 254
25 138
69 583
723 892
882 983
266 526
467 518
12 54
571 244
246 676
333 973
610 383
227 715
809 237
910 784
577 384
842 876
841 197
146 946
363 919
492 841
813 379
479 319
989 156
175 734
886 376
996 406
97 743
231 707
613 562
154 276
707 856
25 216
580 865
612 973
317 493
740 788
555 875
548 124
568 576
826 762
555 330
567 114
175 878
901 467
557 157
221 186
485 943
736 114
477 429
85 356
753 229
459 398
152 26
213 566
29 729
539 537
132 420
13 289
655 603
134 517
100 276
996 936
18 21
422 299
680 247
721 669
762 384
229 542
391 169
539 286
57 175
640 169
81 822
506 413
269 104
406 798
492 51
688 666
724 974
687 979
372 625
304 527
602 214
927 939
890 422
164 420
426 659
394 708
18 288
487 678
534 359
94 306
568 792
382 660
105 856
445 468
133 311
846 636
24 685
637 26
750 635
245 959
17 215
799 541
7 912
932 457
737 184
541 858
502 660
249 941
644 665
719 933
564 340
25 450
853 92
501 711
58 338
685 892
390 119
63 600
68 754
763 275
948 633
357 797
937 732
772 567
318 922
452 238
708 629
765 604
730 812
958 954
174 237
619 82
328 132
157 529
347 392
220 531
181 27
215 679
961 465
352 153
584 549
427 56
707 869
43 327
437 97
266 277
726 537
143 243
676 651
782 897
545 391
947 168
294 124
592 703
675 690
8 703
464 262
853 113
945 77
387 340
16 489
749 155
504 847
338 696
657 966
643 140
374 120
928 464
888 800
606 980
714 714
852 794
413 76
643 284
552 927
657 589
548 868
518 196
437 380
90 649
721 367
322 483
509 792
942 707
929 335
289 836
753 358
716 740
515 121
156 479
997 735
39 789
965 449
490 231
850 390
222 361
685 495
705 601
277 408
736 961
504 529
947 308
79 473
26 711
48 303
545 252
677 302
872 651
897 263
839 641
847 433
327 419
358 661
196 651
222 452
212 458
694 71
409 217
373 684
522 385
757 590
674 301
643 267
298 353
175 30
530 925
170 203
594 1
757 501
271 591
763 599
166 306
736 985
816 476
329 627
977 256
177 796
660 994
251 46
204 257
454 204
143 526
257 946
191 803
406 126
509 880
567 168
512 631
714 951
117 56
946 346
422 67
550 377
30 644
939 751
867 606
481 666
110 339
685 722
967 8
277 457
381 266
138 422
180 858
777 542
968 215
659 916
938 157
515 37
738 164
714 214
294 515
635 692
32 29
194 98
812 235
275 562
253 542
73 257
278 491
129 948
35 876
616 37
524 913
805 370
827 60
941 797
650 887
653 3
859 961
100 135
625 892
528 455
126 990
718 618
696 286
763 805
96 172
173 595
820 540
656 62
954 116
709 474
958 927
862 630
910 128
509 567
453 519
450 494
546 812
59 430
856 941
727 469
307 374
121 411
512 694
986 856
861 74
185 559
494 297
297 698
114 996
244 364
670 450
449 223
185 756
609 347
80 641
424 905
225 382
164 465
565 822
501 886
128 822
749 408
999 201
556 856
507 153
9 882
33 169
498 222
621 414
928 944
77 806
567 776
40 62
787 561
613 310
352 392
288 982
976 133
99 447
846 78
457 748
903 737
152 186
143 670
621 700
120 523
310 99
572 917
269 377
632 793
599 553
247 828
749 152
6 244
203 570
354 5
938 255
584 145
948 139
490 371
522 787
821 404
358 504
560 762
610 201
582 461
287 416
634 728
739 195
765 452
727 266
952 439
618 71
428 448
128 61
753 484
644 420
312 642
976 895
566 27
921 765
890 912
49 132
522 642
517 997
291 617
795 820
874 341
75 123
724 2
317 297
770 169
156 902
527 823
252 456
903 56
971 499
738 59
688 261
228 89
351 840
523 87
556 111
674 808
601 177
97 346
908 643
94 247
243 896
103 470
344 673
213 403
475 755
878 791
726 928
924 180
147 772
697 844
352 589
619 812
862 957
826 155
52 487
118 118
421 943
546 11
662 190
70 416
569 886
999 250
998 224
815 221
616 261
318 60
114 816
43 438
222 687
732 917
880 758
864 903
214 434
18 259
78 148
181 748
656 209
29 143
777 243
769 746
757 58
141 980
331 109
196 243
823 533
25 332
738 132
683 12
446 92
401 347
851 333
265 891
269 411
561 630
33 128
629 585
412 659
899 175
949 947
29 812
422 402
890 372
579 690
707 3
989 546
870 632
530 561
248 510
480 638
820 909
276 836
260 949
642 739
248 210
861 339
207 19
484 842
842 597
343 990
264 272
122 997
51 925
258 98
812 848
343 743
666 810
282 140
70 752
347 382
753 587
922 135
128 892
286 995
719 59
316 35
821 998
295 763
43 891
294 953
593 164
758 486
870 81
832 465
515 300
128 767
61 442
37 125
533 67
748 380
319 981
862 923
453 136
159 868
936 171
195 14
584 680
592 914
188 352
420 844
695 307
133 129
221 743
767 141
820 916
574 590
558 555
815 305
510 498
425 912
142 911
541 827
950 968
574 532
960 344
288 61
686 380
590 614
700 511
426 412
58 477
912 742
416 945
607 68
424 555
997 835
94 206
175 459
605 898
121 456
628 85
736 857
855 21
66 595
263 276
375 161
540 278
903 836
238 611
463 465
87 607
170 727
797 494
329 203
270 467
427 820
906 386
976 614
966 916
656 786
546 647
722 739
315 454
600 471
754 905
173 613
424 388
1000 951
68 853
839 645
668 445
814 555
734 278
344 558
266 640
297 550
887 556
92 96
194 578
912 777
543 758
740 368
304 703
383 850
483 559
163 500
909 688
892 606
798 877
506 543
246 994
13 638
729 657
112 719
98 790
523 743
194 968
912 88
660 6
498 152
955 206
42 529
634 885
45 509
830 641
579 444
240 975
164 887
103 52
537 981
968 106
747 275
771 203
397 132
38 773
290 707
183 727
3 716
461 139
278 564
663 971
524 450
196 157
883 60
944 15
794 964
879 631
909 28
718 260
988 335
25 598
7 536
975 439
98 183
844 709
796 479
538 103
792 939
910 350
13 29
255 231
873 214
617 664
91 875
594 504
305 494
798 974
899 518
688 326
218 819
600 123
992 828
411 368
912 52
139 351
481 305
172 822
320 613
708 713
544 454
448 284
1 262
280 305
874 407
28 598
239 280
651 377
596 338
784 633
482 450
276 53
4 769
734 632
933 940
153 861
711 503
128 263
636 303
736 457
798 645
842 43
66 323
243 695
606 363
995 959
227 780
569 574
913 595
212 618
941 420
428 270
24 864
277 523
808 180
268 84
947 596
753 301
748 693
196 626
102 755
90 861
122 159
996 721
525 427
684 245
976 271
630 565
562 679
39 135
67 836
852 933
381 264
960 197
497 941
115 396
940 105
813 940
660 120
253 103
142 921
554 332
369 301
343 311
633 100
904 506
8 260
611 543
489 485
287 363
381 599
220 542
869 908
3 61
255 409
283 608
694 388
423 105
270 941
130 90
892 475
243 775
97 663
210 513
99 270
912 744
104 21
627 247
617 7
613 93
433 803
610 495
723 305
191 76
304 637
247 695
734 379
802 777
887 281
911 229
622 856
167 299
430 690
171 745
873 877
265 682
571 26
882 674
183 481
462 109
456 664
500 762
640 153
94 465
443 984
136 572
27 845
483 820
490 500
327 484
886 927
211 281
359 835
782 101
712 349
830 707
648 511
844 613
109 644
577 675
45 966
298 677
672 154
909 314
198 279
221 646
872 259
919 46
997 272
433 117
570 841
684 227
65 60
646 928
958 342
667 241
267 266
756 496
431 634
24 337
567 969
326 742
968 395
118 304
83 987
315 471
476 11
296 90
274 752
264 930
923 887
842 643
807 634
422 204
376 688
180 784
149 314
841 536
88 324
895 532
929 880
200 368
906 344
338 256
800 226
3 731
591 258
981 560
210 567
536 195
609 811
880 577
429 755
461 852
762 935
399 806
347 293
506 858
431 217
342 413
200 722
58 722
88 513
679 924
970 297
672 871
951 331
51 241
426 9
636 997
820 51
731 156
502 331
100 792
282 718
133 119
335 809
771 196
28 791
708 531
610 882
222 222
181 839
309 733
317 241
91 420
471 989
799 383
917 12
288 383
972 746
996 911
622 540
667 11
379 89
365 488
189 758
840 447
889 170
137 500
585 496
619 80
438 914
446 290
176 567
60 444
66 227
794 751
691 80
491 202
143 419
858 777
529 458
303 652
846 172
580 275
224 485
951 441
673 101
505 450
432 760
967 490
817 278
962 207
541 309
151 832
84 742
449 537
761 816
986 59
828 763
600 541
914 302
159 1000
66 110
697 246
89 709
143 334
94 438
824 660
175 844
763 239
702 695
202 906
747 209
304 670
490 628
919 407
389 979
378 955
977 414
428 144
47 445
71 825
515 582
457 177
828 282
836 124
433 176
955 542
3 306
623 718
11 735
788 694
231 768
13 832
638 654
242 25
361 303
657 4
90 802
200 270
162 254
667 78
286 414
83 818
997 479
734 772
600 528
91 79
662 636
923 569
269 574
12 776
48 233
245 171
780 908
929 801
618 392
951 938
136 339
688 638
432 665
848 726
983 996
726 690
310 159
407 805
612 114
505 651
283 141
207 55
304 619
195 924
32 772
229 111
822 773
372 264
682 283
403 369
358 377
12 117
613 289
67 696
387 510
48 545
712 682
316 651
384 90
163 433
392 885
974 637
402 631
451 226
621 65
475 476
458 713
235 443
213 597
192 631
480 781
197 809
759 702
779 150
672 959
603 179
816 584
307 156
820 841
463 575
597 186
109 643
160 454
621 864
382 943
723 297
323 284
678 362
70 819
766 844
37 509
320 301
786 791
73 331
450 904
164 25
584 293
544 727
721 434
957 653
302 196
903 681
696 862
985 148
149 332
103 149
663 760
231 817
536 273
